1605.12;-1390.53;8.33101;
1605.4;-1390.22;8.32196;
1605.4;-1390.22;8.32196;
1605.39;-1390.02;8.32862;
1604.59;-1390.19;8.37177;
1604.82;-1390.32;8.33045;
1604.82;-1390.32;8.33045;
1604.98;-1389.86;8.31923;
1605.16;-1389.88;8.33992;
1605.16;-1389.81;8.32954;
1605.35;-1390.2;8.33052;
1605.35;-1390.2;8.33052;
1604.96;-1390.04;8.32928;
1604.86;-1389.71;8.32372;
1604.98;-1389.73;8.32717;
1604.66;-1390.16;8.32815;
1604.66;-1390.16;8.32815;
1604.66;-1390.16;8.32815;
1604.82;-1389.74;8.32668;
1605.17;-1390.05;8.32924;
1605.19;-1389.41;8.32924;
1604.53;-1390.1;8.33079;
1604.53;-1390.1;8.33079;
1605;-1390.28;8.3189;
1605.47;-1390.12;8.33557;
1605.02;-1390.3;8.33296;
1605.02;-1390.3;8.33296;
1605.15;-1389.76;8.32712;
1605.24;-1389.76;8.33789;
1605.22;-1389.96;8.31983;
1605.22;-1389.96;8.31983;
1604.67;-1389.97;8.33186;
1605.2;-1389.82;8.32186;
1605.57;-1389.54;8.33031;
1605.31;-1389.78;8.3251;
1604.92;-1390.35;8.33443;
1604.92;-1390.35;8.33443;
1605.26;-1389.69;8.32455;
1605.26;-1389.69;8.32455;
1605.07;-1390.25;8.32706;
1605.07;-1390.25;8.32706;
1605.21;-1390.09;8.32693;
1605.21;-1390.09;8.32693;
1605.67;-1390.09;8.33435;
1604.96;-1390.15;8.33119;
1604.97;-1390.24;8.34554;
1604.97;-1390.24;8.34554;
1605.09;-1389.7;8.33272;
1605.19;-1389.86;8.33594;
1605.45;-1390.31;8.32449;
1604.35;-1389.86;8.32917;
1604.91;-1389.84;8.32207;
1604.91;-1389.84;8.32207;
1605.15;-1389.97;8.32267;
1605.15;-1389.97;8.32267;
1604.33;-1390.57;8.3317;
1604.33;-1390.57;8.3317;
1605.26;-1389.61;8.32671;
1605.36;-1389.67;8.33576;
1604.62;-1390.24;8.32795;
1604.62;-1390.24;8.32795;
1605.29;-1389.66;8.3276;
1605.29;-1389.66;8.3276;
1604.79;-1389.67;8.32516;
1604.67;-1390.15;8.32809;
1604.63;-1390.58;8.32284;
1604.63;-1390.58;8.32284;
1605.16;-1389.8;8.325;
1604.97;-1389.68;8.32701;
1604.6;-1390.34;8.32816;
1604.6;-1390.34;8.32816;
1604.99;-1390.22;8.32767;
1604.94;-1390.22;8.28474;
1604.84;-1389.72;8.35704;
1605.31;-1390.2;8.32728;
1604.53;-1390.48;8.32679;
1604.53;-1390.48;8.32679;
1605;-1389.66;8.32277;
1605.13;-1390.23;8.32744;
1604.79;-1390.11;8.32981;
1604.95;-1389.89;8.32782;
1604.76;-1389.69;8.32124;
1604.76;-1389.69;8.32124;
1604.99;-1389.96;8.33416;
1604.94;-1390.41;8.3313;
1605.11;-1390.36;8.32975;
1605.11;-1390.36;8.32975;
1604.99;-1389.93;8.32872;
1604.93;-1390.15;8.32587;
1604.81;-1389.99;8.33295;
1604.81;-1389.99;8.33295;
1605.07;-1390.17;8.33176;
1604.7;-1389.77;8.33127;
1604.84;-1389.69;8.33196;
1605.41;-1389.92;8.32703;
1604.87;-1390.14;8.32375;
1604.87;-1390.14;8.32375;
1605.03;-1390.17;8.3301;
1605.06;-1389.72;8.32305;
1605.06;-1389.72;8.32305;
1605.06;-1389.72;8.32305;
1605.06;-1389.85;8.3177;
1605.06;-1389.85;8.3177;
1605.03;-1390.11;8.33038;
1605.26;-1389.97;8.32869;
1604.78;-1390.18;8.3262;
1604.78;-1390.18;8.3262;
1604.78;-1389.82;8.33715;
1604.93;-1390.05;8.34374;
1604.85;-1390.22;8.33593;
1604.85;-1390.22;8.33593;
1604.85;-1390.22;8.33593;
1604.85;-1390.22;8.33593;
1604.85;-1390.22;8.33593;
1604.85;-1390.22;8.33593;
1604.85;-1390.22;8.33593;
1604.85;-1390.22;8.33593;
1604.85;-1390.22;8.33593;
1604.85;-1390.22;8.33593;
1604.85;-1390.22;8.33593;
1604.85;-1390.22;8.33593;
1604.85;-1390.22;8.33593;
1604.85;-1390.22;8.33593;
1604.85;-1390.22;8.33593;
1604.85;-1390.22;8.33593;
1604.85;-1390.22;8.33593;
1604.85;-1390.22;8.33593;
1604.85;-1390.22;8.33593;
1604.85;-1390.22;8.33593;
1604.85;-1390.22;8.33593;
1604.85;-1390.22;8.33593;
1604.85;-1390.22;8.33593;
1604.85;-1390.22;8.33593;
1604.85;-1390.22;8.33593;
1604.85;-1390.22;8.33593;
1604.85;-1390.22;8.33593;
1604.85;-1390.22;8.33593;
1604.85;-1390.22;8.33593;
1604.85;-1390.22;8.33593;
1604.85;-1390.22;8.33593;
1604.85;-1390.22;8.33593;
1604.85;-1390.22;8.33593;
1604.85;-1390.22;8.33593;
1604.85;-1390.22;8.33593;
1604.85;-1390.22;8.33593;
1604.85;-1390.22;8.33593;
1604.85;-1390.22;8.33593;
1604.85;-1390.22;8.33593;
1604.85;-1390.22;8.33593;
1604.85;-1390.22;8.33593;
1604.85;-1390.22;8.33593;
1604.85;-1390.22;8.33593;
1604.85;-1390.22;8.33593;
1604.85;-1390.22;8.33593;
1604.85;-1390.22;8.33593;
1604.85;-1390.22;8.33593;
1604.85;-1390.22;8.33593;
1604.85;-1390.22;8.33593;
1604.85;-1390.22;8.33593;
1604.85;-1390.22;8.33593;
1604.85;-1390.22;8.33593;
1604.85;-1390.22;8.33593;
1604.85;-1390.22;8.33593;
1604.85;-1390.22;8.33593;
1604.85;-1390.22;8.33593;
1604.85;-1390.22;8.33593;
1604.85;-1390.22;8.33593;
1604.85;-1390.22;8.33593;
1604.85;-1390.22;8.33593;
1604.85;-1390.22;8.33593;
1604.85;-1390.22;8.33593;
1604.85;-1390.22;8.33593;
1604.85;-1390.22;8.33593;
1604.85;-1390.22;8.33593;
1604.85;-1390.22;8.33593;
1604.85;-1390.22;8.33593;
1604.85;-1390.22;8.33593;
1604.85;-1390.22;8.33593;
1604.85;-1390.22;8.33593;
1604.85;-1390.22;8.33593;
1604.85;-1390.22;8.33593;
1604.85;-1390.22;8.33593;
1604.85;-1390.22;8.33593;
1604.85;-1390.22;8.33593;
1604.85;-1390.22;8.33593;
1604.85;-1390.22;8.33593;
1604.85;-1390.22;8.33593;
1604.85;-1390.22;8.33593;
1604.85;-1390.22;8.33593;
1604.85;-1390.22;8.33593;
1604.85;-1390.22;8.33593;
1604.85;-1390.22;8.33593;
1604.85;-1390.22;8.33593;
1604.85;-1390.22;8.33593;
1604.85;-1390.22;8.33593;
1604.85;-1390.22;8.33593;
1604.85;-1390.22;8.33593;
1604.85;-1390.22;8.33593;
1604.85;-1390.22;8.33593;
1604.85;-1390.22;8.33593;
1604.85;-1390.22;8.33593;
1604.85;-1390.22;8.33593;
1604.85;-1390.22;8.33593;
1604.85;-1390.22;8.33593;
1604.85;-1390.22;8.33593;
1604.85;-1390.22;8.33593;
1604.85;-1390.22;8.33593;
1604.85;-1390.22;8.33593;
1604.85;-1390.22;8.33593;
1604.85;-1390.22;8.33593;
1604.85;-1390.22;8.33593;
1604.85;-1390.22;8.33593;
1604.85;-1390.22;8.33593;
1604.85;-1390.22;8.33593;
1604.85;-1390.22;8.33593;
1604.85;-1390.22;8.33593;
1604.85;-1390.22;8.33593;
1604.85;-1390.22;8.33593;
1604.89;-1390.06;8.33524;
1604.65;-1389.85;8.32694;
1604.65;-1389.85;8.32694;
1604.91;-1389.84;8.33226;
1604.91;-1389.84;8.33226;
1604.9;-1390.16;8.33057;
1604.96;-1389.69;8.3374;
1604.96;-1389.69;8.3374;
1604.96;-1389.69;8.3374;
1604.82;-1390.1;8.32883;
1604.82;-1390.1;8.32883;
1605.09;-1390.11;8.33194;
1605.09;-1390.11;8.33194;
1604.78;-1390;8.3272;
1604.78;-1390;8.3272;
1605.27;-1389.42;8.3266;
1605.27;-1389.42;8.3266;
1605.07;-1389.95;8.33133;
1605.07;-1389.95;8.33133;
1604.73;-1389.79;8.32785;
1604.89;-1390.06;8.31228;
1604.89;-1390.06;8.31228;
1604.82;-1389.79;8.32971;
1605.01;-1389.99;8.35663;
1605.01;-1389.99;8.35663;
1605.15;-1390.22;8.32474;
1605.03;-1390.04;8.32807;
1604.77;-1389.71;8.32621;
1604.77;-1389.71;8.32621;
1604.81;-1390.26;8.30661;
1604.81;-1390.26;8.30661;
1604.69;-1389.8;8.33437;
1605.01;-1390.08;8.33528;
1604.65;-1389.88;8.3292;
1604.65;-1389.88;8.3292;
1604.95;-1389.79;8.3323;
1605.27;-1389.89;8.32086;
1604.85;-1390.03;8.32946;
1604.85;-1390.03;8.32946;
1604.7;-1389.69;8.31431;
1604.94;-1390.14;8.33264;
1604.94;-1390.14;8.33264;
1604.94;-1390.14;8.33264;
1604.74;-1389.7;8.33273;
1604.74;-1389.7;8.33273;
1604.99;-1389.77;8.33322;
1605.06;-1390.22;8.32899;
1605.23;-1389.57;8.33362;
1605.23;-1389.57;8.33362;
1604.73;-1389.82;8.32744;
1604.73;-1389.82;8.32744;
1605.14;-1390.54;8.33092;
1605.14;-1390.54;8.33092;
1604.9;-1390.23;8.32823;
1604.9;-1390.27;8.32621;
1604.9;-1390.27;8.32621;
1605.21;-1389.95;8.32719;
1604.88;-1390.36;8.32152;
1604.88;-1390.36;8.32152;
1605.16;-1389.81;8.32858;
1604.52;-1390.14;8.32125;
1604.52;-1390.14;8.32125;
1604.52;-1390.14;8.32125;
1605.14;-1389.83;8.33191;
1605.14;-1389.83;8.33191;
1605.19;-1389.83;8.33321;
1605.35;-1389.55;8.32446;
1605.05;-1390;8.33113;
1605.05;-1390;8.33113;
1605.02;-1390.02;8.33016;
1605.04;-1389.88;8.32649;
1605.34;-1389.81;8.32649;
1605.07;-1389.96;8.32494;
1605.03;-1390.08;8.32667;
1605.03;-1390.08;8.32667;
1604.97;-1390.01;8.32853;
1604.84;-1389.83;8.33365;
1604.94;-1390;8.33296;
1604.94;-1390;8.33296;
1605.02;-1389.83;8.32251;
1605.1;-1390.04;8.32598;
1604.89;-1389.67;8.32893;
1604.89;-1389.67;8.32893;
1605.14;-1389.78;8.32893;
1605.14;-1389.78;8.32893;
1605.14;-1389.78;8.32893;
1604.85;-1389.85;8.32367;
1604.69;-1390.11;8.33442;
1604.69;-1390.11;8.33442;
1605.07;-1389.92;8.32526;
1604.84;-1389.91;8.32313;
1605.06;-1389.51;8.33599;
1605.06;-1389.51;8.33599;
1605.26;-1390.08;8.33522;
1605.08;-1389.86;8.33613;
1605.08;-1389.86;8.33613;
1605.43;-1389.63;8.33046;
1605.11;-1390.11;8.32822;
1605.11;-1390.11;8.32822;
1605.03;-1390.17;8.31905;
1604.95;-1389.79;8.33615;
1605.02;-1389.84;8.33039;
1605.02;-1389.84;8.33039;
1604.77;-1389.72;8.3303;
1604.77;-1389.72;8.3303;
1604.65;-1390.32;8.33346;
1604.76;-1390.07;8.32546;
1604.76;-1390.07;8.32546;
1604.98;-1390.28;8.33017;
1604.99;-1389.89;8.33271;
1604.99;-1389.89;8.33271;
1605.16;-1389.89;8.33395;
1605.16;-1389.89;8.33395;
1604.78;-1390.07;8.332;
1604.78;-1390.07;8.332;
1604.78;-1390.07;8.332;
1604.78;-1390.07;8.332;
1604.85;-1390.54;8.32746;
1604.85;-1390.54;8.32746;
1605.26;-1389.52;8.3287;
1605.26;-1389.52;8.3287;
1605.38;-1389.76;8.33315;
1605.38;-1389.76;8.33315;
1604.74;-1390.07;8.32827;
1604.74;-1390.07;8.32827;
1605.09;-1390.04;8.32689;
1604.83;-1390.29;8.3247;
1605.39;-1389.9;8.32373;
1605.39;-1389.9;8.32373;
1604.6;-1390.04;8.32197;
1604.9;-1390.2;8.32373;
1604.97;-1389.82;8.32823;
1605.04;-1389.8;8.32725;
1605.08;-1389.84;8.32563;
1605.08;-1389.84;8.32563;
1605.1;-1389.82;8.32;
1604.47;-1390.16;8.33927;
1604.69;-1390;8.32844;
1604.69;-1390;8.32844;
1605.32;-1389.9;8.3336;
1604.7;-1389.69;8.35674;
1604.88;-1390.01;8.33409;
1604.88;-1390.01;8.33409;
1605.14;-1389.91;8.32935;
1605.14;-1389.91;8.32935;
1605.14;-1389.91;8.32935;
1605.27;-1390.13;8.33369;
1604.9;-1389.98;8.32919;
1604.9;-1389.98;8.32919;
1605.06;-1389.94;8.32445;
1604.9;-1390.5;8.32921;
1604.82;-1390.05;8.32281;
1604.82;-1390.05;8.32281;
1604.34;-1390.45;8.35873;
1605.08;-1389.78;8.31835;
1604.46;-1389.82;8.33167;
1604.46;-1389.92;8.32656;
1604.71;-1390.09;8.3269;
1604.71;-1390.09;8.3269;
1605.1;-1389.94;8.32859;
1605.16;-1389.75;8.32859;
1604.84;-1389.72;8.32963;
1604.84;-1389.72;8.32963;
1604.61;-1390.3;8.33372;
1604.78;-1390.11;8.32415;
1604.72;-1390.08;8.32911;
1605.09;-1389.94;8.33592;
1604.7;-1390.18;8.32691;
1604.7;-1390.18;8.32691;
1604.92;-1389.77;8.32607;
1604.93;-1389.96;8.32473;
1605.05;-1389.85;8.32971;
1605.05;-1389.85;8.32971;
1604.89;-1390.03;8.32285;
1604.72;-1389.87;8.32923;
1604.93;-1389.82;8.32265;
1604.68;-1390.02;8.32831;
1604.76;-1390.09;8.32831;
1604.76;-1390.09;8.32831;
1604.74;-1389.94;8.33529;
1604.74;-1389.94;8.33529;
1605.21;-1390.02;8.32554;
1605.21;-1390.02;8.32554;
1605.01;-1389.84;8.3281;
1605.01;-1389.84;8.3281;
1605.29;-1390.1;8.33376;
1605.13;-1389.71;8.32786;
1604.88;-1390.53;8.32126;
1604.88;-1390.53;8.32126;
1605.13;-1389.89;8.32826;
1605.03;-1389.67;8.32568;
1605.52;-1389.54;8.32112;
1605.52;-1389.54;8.32112;
1605.1;-1389.54;8.33352;
1604.84;-1389.97;8.32723;
1605.22;-1389.85;8.3307;
1605.22;-1389.85;8.3307;
1604.79;-1389.74;8.33035;
1604.79;-1389.74;8.33035;
1604.85;-1390.13;8.32466;
1605.03;-1390.01;8.32124;
1605.03;-1390.01;8.32124;
1605.03;-1390.01;8.32124;
1605.49;-1390.05;8.39657;
1605.49;-1390.05;8.39657;
1605.47;-1390.1;8.44027;
1605.12;-1389.45;8.48119;
1604.76;-1389.4;8.52684;
1604.76;-1389.4;8.52684;
1605.05;-1389.85;8.57152;
1604.51;-1390.04;8.62483;
1604.51;-1389.75;8.6709;
1604.51;-1389.75;8.6709;
1604.51;-1389.75;8.6709;
1604.51;-1389.75;8.6709;
1604.44;-1389.39;8.77563;
1604.86;-1389.11;8.81834;
1604.86;-1389.11;8.81834;
1604.86;-1389.11;8.81834;
1604.6;-1389.44;8.88734;
1605.09;-1388.91;8.95728;
1605.09;-1388.91;8.95728;
1605.09;-1388.91;8.95728;
1605.62;-1388.29;8.97851;
1605.62;-1388.29;8.97851;
1605.62;-1388.29;8.97851;
1606.1;-1387.86;8.99279;
1606.1;-1387.86;8.99279;
1606.1;-1387.86;8.99279;
1606.05;-1387.82;8.98324;
1605.62;-1388.64;8.97941;
1605.42;-1388.76;8.9801;
1605.42;-1388.76;8.9801;
1605.42;-1388.76;8.9801;
1605.42;-1388.76;8.9801;
1605.57;-1388.25;8.97085;
1605.57;-1388.25;8.97085;
1605.83;-1388.31;8.97752;
1605.83;-1388.31;8.97752;
1606.26;-1388.8;8.97388;
1606.26;-1388.8;8.97388;
1606.07;-1387.7;8.98253;
1606.07;-1387.7;8.98253;
1605.9;-1388.25;8.97465;
1605.9;-1388.25;8.97465;
1605.79;-1388.37;8.97914;
1605.72;-1388.46;8.97381;
1605.45;-1387.79;8.98094;
1605.45;-1387.79;8.98094;
1605.45;-1387.79;8.98094;
1605.45;-1387.79;8.98094;
1605.45;-1387.79;8.98094;
1605.69;-1388.43;8.90545;
1606.15;-1388.72;8.89833;
1606.15;-1388.72;8.89833;
1606.06;-1388.69;8.88542;
1605.96;-1388.29;8.87086;
1606.2;-1388.81;8.85062;
1606.2;-1388.81;8.85062;
1606.2;-1388.81;8.85062;
1606.2;-1388.81;8.85062;
1606.2;-1388.81;8.85062;
1606.2;-1388.81;8.85062;
1606.63;-1388.7;8.77326;
1606.63;-1388.7;8.77326;
1606.32;-1388.79;8.74392;
1606.4;-1388.9;8.72484;
1606.69;-1389;8.70134;
1606.69;-1389;8.70134;
1606.43;-1388.85;8.69676;
1606.39;-1388.94;8.67224;
1605.88;-1389.68;8.65858;
1605.88;-1389.68;8.65858;
1606.19;-1389.37;8.63187;
1606.93;-1389.47;8.61151;
1606.2;-1389.22;8.58867;
1606.25;-1388.7;8.57313;
1606.23;-1388.65;8.55742;
1606.23;-1388.65;8.55742;
1605.7;-1388.94;8.54782;
1605.91;-1388.55;8.53423;
1606.06;-1388.46;8.54093;
1606.06;-1388.46;8.54093;
1605.94;-1388.76;8.55426;
1605.94;-1388.76;8.55426;
1605.87;-1388.63;8.55615;
1606.02;-1388.52;8.55046;
1606.02;-1388.52;8.55046;
1606.02;-1388.52;8.55046;
1606.34;-1388.5;8.55347;
1605.92;-1388.7;8.56013;
1606.01;-1388.43;8.55256;
1606.01;-1388.43;8.55256;
1606.08;-1388.97;8.55411;
1606.09;-1389.08;8.55362;
1605.62;-1388.64;8.55362;
1605.88;-1388.51;8.56021;
1605.98;-1388.49;8.50885;
1605.98;-1388.49;8.50885;
1606.24;-1388.24;8.55478;
1605.63;-1388.48;8.55339;
1606.01;-1388.81;8.5584;
1606.01;-1388.81;8.5584;
1605.8;-1388.96;8.55762;
1605.8;-1388.96;8.55762;
1605.8;-1388.96;8.55762;
1605.85;-1388.44;8.54564;
1606.02;-1388.44;8.56257;
1606.02;-1388.44;8.56257;
1606.02;-1388.44;8.56257;
1606.09;-1388.62;8.60471;
1606.09;-1388.62;8.60471;
1606.11;-1388.74;8.625;
1606.25;-1388.29;8.63474;
1605.79;-1388.32;8.65559;
1605.9;-1387.93;8.67342;
1606.02;-1387.89;8.68287;
1605.44;-1389.07;8.69979;
1605.44;-1389.07;8.69979;
1605.44;-1389.07;8.69979;
1605.44;-1389.07;8.69979;
1605.78;-1388.73;8.76933;
1606.07;-1388.23;8.75165;
1605.93;-1388.77;8.76578;
1605.93;-1388.77;8.76578;
1605.9;-1388.48;8.75953;
1605.9;-1388.48;8.75953;
1605.88;-1388.32;8.75701;
1605.88;-1388.32;8.75701;
1605.99;-1388.9;8.75848;
1605.72;-1388.41;8.75581;
1605.72;-1388.41;8.75581;
1605.72;-1388.41;8.75581;
1605.78;-1387.83;8.75511;
1605.5;-1388.74;8.75609;
1606.05;-1388.36;8.75767;
1605.91;-1388.22;8.74812;
1606.16;-1388.03;8.75154;
1606.16;-1388.03;8.75154;
1605.76;-1388.57;8.75918;
1606.28;-1388.12;8.75594;
1605.52;-1388.4;8.75594;
1605.52;-1388.4;8.75594;
1605.52;-1388.4;8.75594;
1605.52;-1388.4;8.75594;
1606.28;-1388.38;8.75876;
1606.28;-1388.38;8.75876;
1606.28;-1388.38;8.75876;
1606.28;-1388.38;8.75876;
1604.66;-1386.57;8.76279;
1604.66;-1386.57;8.76279;
1602.65;-1383.92;8.7767;
1601.06;-1382.09;8.77017;
1601.06;-1382.09;8.77017;
1600.65;-1379.61;8.77017;
1599.26;-1375.44;8.75685;
1596.92;-1370.78;8.75318;
1593.54;-1366.07;8.74324;
1593.54;-1366.07;8.74324;
1591.47;-1359.56;8.73183;
1588.94;-1353.1;8.74033;
1588.94;-1353.1;8.74033;
1583.56;-1342.72;8.7184;
1580.4;-1336.94;8.7184;
1580.4;-1336.94;8.7184;
1578.1;-1330.17;8.70381;
1575.5;-1324.73;8.70347;
1573.1;-1317.8;8.69471;
1573.1;-1317.8;8.69471;
1571.06;-1311.28;8.68755;
1568.58;-1305.21;8.68389;
1565.86;-1298.43;8.67268;
1565.86;-1298.43;8.67268;
1565.86;-1298.43;8.67268;
1561.07;-1287.81;8.6713;
1558.18;-1279.84;8.66427;
1556.14;-1273.75;8.65689;
1553.16;-1267.19;8.64711;
1553.16;-1267.19;8.64711;
1551.14;-1262.08;8.65066;
1549.46;-1254.46;8.63457;
1547.58;-1247.52;8.61834;
1547.58;-1247.52;8.61834;
1546.17;-1243.75;8.62063;
1542.89;-1236.68;8.60174;
1540.38;-1229.6;8.58401;
1538.75;-1222.91;8.59161;
1536.56;-1217.05;8.58068;
1536.56;-1217.05;8.58068;
1534.05;-1208.65;8.56252;
1530.82;-1203.2;8.55815;
1529.44;-1197.42;8.54581;
1529.44;-1197.42;8.54581;
1525.18;-1183.59;8.51042;
1525.18;-1183.59;8.51042;
1523.09;-1175.91;8.51839;
1521.06;-1168.02;8.506;
1519.61;-1163.02;8.49523;
1519.61;-1163.02;8.49523;
1516.97;-1154.5;8.49192;
1516.06;-1146.72;8.48642;
1514.73;-1141.82;8.4785;
1514.73;-1141.82;8.4785;
1510.17;-1125.68;8.46278;
1510.17;-1125.68;8.46278;
1507.59;-1120.01;8.45941;
1506.46;-1111.75;8.44225;
1505.2;-1103.18;8.4311;
1505.2;-1103.18;8.4311;
1502.86;-1097.41;8.41775;
1501;-1089.5;8.40594;
1499.25;-1080.79;8.4056;
1497.1;-1074.74;8.3952;
1497.1;-1074.74;8.3952;
1495.24;-1068.15;8.3694;
1494.45;-1060.28;8.36855;
1492.63;-1052.5;8.35425;
1491.34;-1045.94;8.34536;
1491.34;-1045.94;8.34536;
1490.66;-1038.75;8.33242;
1488.93;-1030.54;8.3253;
1487.98;-1023.92;8.31216;
1487.98;-1023.92;8.31216;
1485.84;-1012.76;8.28981;
1485.84;-1012.76;8.28981;
1484.8;-1006.16;8.28795;
1484.14;-1000.63;8.27086;
1482.69;-996.226;8.2684;
1482.69;-996.226;8.2684;
1482.41;-990.619;8.25002;
1481.06;-985.355;8.24005;
1480.62;-978.68;8.2296;
1480.62;-978.68;8.2296;
1480.21;-975.612;8.2173;
1480.07;-968.593;8.20498;
1479.02;-963.346;8.18935;
1479.21;-957.954;8.17736;
1479.3;-952.583;8.17214;
1479.3;-952.583;8.17214;
1478.93;-946.896;8.1544;
1478.69;-940.264;8.14791;
1478.79;-935.225;8.13776;
1478.79;-935.225;8.13776;
1479.45;-923.429;8.1177;
1479.45;-923.429;8.1177;
1479.18;-917.149;8.09932;
1478.75;-912.971;8.0847;
1478.93;-907.703;8.07159;
1478.93;-907.703;8.07159;
1478.78;-901.592;8.05296;
1479.22;-895.266;8.0543;
1479.42;-891.027;8.03841;
1479.42;-891.027;8.03841;
1480.35;-879.879;8.02906;
1480.35;-879.879;8.02906;
1479.96;-874.317;8.02322;
1479.76;-868.796;8.00637;
1479.47;-863.339;7.99645;
1479.47;-863.339;7.99645;
1479.6;-858.034;7.99123;
1479;-852.177;7.98114;
1479.08;-845.984;7.96905;
1479.08;-845.984;7.96905;
1477.85;-834.036;7.95834;
1477.85;-834.036;7.95834;
1476.91;-828.665;7.9529;
1476.75;-822.808;7.93632;
1475.83;-817.061;7.94251;
1475.83;-817.061;7.94251;
1475.35;-810.845;7.92652;
1475.2;-804.73;7.91525;
1474.64;-798.737;7.90791;
1474.55;-792.85;7.89946;
1474.47;-787.546;7.89677;
1474.47;-787.546;7.89677;
1474.29;-782.001;7.8892;
1474.46;-775.527;7.88236;
1475.48;-769.867;7.87222;
1475.48;-769.867;7.87222;
1475.17;-764.333;7.8679;
1475.95;-758.406;7.85533;
1475.96;-752.183;7.85413;
1475.96;-752.183;7.85413;
1476.62;-740.673;7.83264;
1476.62;-740.673;7.83264;
1476.7;-734.7;7.83195;
1477;-728.811;7.82553;
1477.68;-722.824;7.82277;
1477.68;-722.824;7.82277;
1479.35;-717.218;7.80726;
1479.79;-710.474;7.80357;
1480.32;-705.526;7.80512;
1480.32;-705.526;7.80512;
1480.71;-700.017;7.79915;
1481.35;-694.333;7.78735;
1481.65;-688.94;7.78951;
1482.53;-683.548;7.77786;
1482.43;-677.9;7.77156;
1482.43;-677.9;7.77156;
1482.22;-672.847;7.75799;
1482.08;-667.787;7.75649;
1482.08;-667.787;7.75649;
1482.16;-662.059;7.74529;
1481.94;-657.209;7.74658;
1482.16;-651.66;7.73942;
1481.59;-645.378;7.73942;
1480.76;-639.777;7.73804;
1479.33;-633.661;7.73192;
1479.33;-633.661;7.73192;
1479.08;-626.991;7.72779;
1478.46;-621.355;7.7225;
1478.07;-616.388;7.72719;
1478.07;-616.388;7.72719;
1477.75;-610.226;7.72188;
1477.7;-604.292;7.71539;
1476.92;-598.245;7.718;
1475.53;-593.017;7.7081;
1475.23;-586.555;7.70459;
1475.23;-586.555;7.70459;
1475.27;-580.576;7.69914;
1474.68;-574.092;7.698;
1474.33;-568.357;7.6889;
1474.33;-568.357;7.6889;
1473.48;-556.73;7.6792;
1473.48;-556.73;7.6792;
1472.35;-551.519;7.68012;
1472.82;-544.909;7.67428;
1473.05;-539.968;7.67186;
1473.05;-539.968;7.67186;
1472.23;-534.556;7.6639;
1471.96;-528.541;7.66449;
1471.63;-522.849;7.66142;
1471.63;-522.849;7.66142;
1470.99;-517.52;7.66449;
1470.18;-511.686;7.66629;
1469.83;-505.156;7.65875;
1469.58;-500.548;7.66748;
1469.09;-494.852;7.66308;
1469.09;-494.852;7.66308;
1468.62;-489.72;7.65836;
1467.79;-483.191;7.65119;
1467.33;-478.068;7.65721;
1467.33;-478.068;7.65721;
1466.28;-467.501;7.64915;
1466.28;-467.501;7.64915;
1465.55;-461.796;7.65218;
1465.68;-456.334;7.65501;
1464.79;-450.844;7.65328;
1464.79;-450.844;7.65328;
1463.2;-445.283;7.65294;
1462.42;-439.57;7.64537;
1462.13;-433.434;7.64274;
1462.13;-433.434;7.64274;
1461.28;-428.42;7.65414;
1460.53;-422.134;7.65355;
1459.8;-417.365;7.64703;
1458.75;-411.594;7.64589;
1458.75;-411.594;7.64589;
1458.23;-406.057;7.65532;
1457.22;-399.825;7.64383;
1456.7;-394.002;7.6524;
1455.85;-388.618;7.65192;
1455.85;-388.618;7.65192;
1455.33;-381.816;7.65763;
1454.6;-377.472;7.65832;
1452.94;-371.199;7.64758;
1452.62;-366.015;7.65141;
1452.17;-360.233;7.64539;
1452.17;-360.233;7.64539;
1451.57;-355.499;7.64863;
1450.54;-349.342;7.64612;
1450.53;-344.394;7.64982;
1450.53;-344.394;7.64982;
1449.29;-333.791;7.65415;
1449.29;-333.791;7.65415;
1449.25;-327.505;7.64664;
1449.23;-322.191;7.65389;
1449.05;-316.869;7.65944;
1449.05;-316.869;7.65944;
1449.01;-312.93;7.65979;
1449.22;-307.104;7.66305;
1448.98;-300.348;7.66113;
1448.98;-300.348;7.66113;
1448.8;-291.897;7.65518;
1448.8;-291.897;7.65518;
1448.65;-286.408;7.66885;
1448.65;-286.408;7.66885;
1448.61;-275.303;7.66693;
1448.61;-275.303;7.66693;
1447.44;-269.014;7.66095;
1446.53;-263.636;7.66415;
1445.62;-256.954;7.65896;
1443.78;-253.849;7.66759;
1443.17;-247.137;7.65956;
1443.17;-247.137;7.65956;
1442.87;-240.799;7.66851;
1441.58;-235.501;7.65757;
1440.85;-231.134;7.65439;
1440.85;-231.134;7.65439;
1440.58;-224.628;7.66266;
1438.96;-217.3;7.65952;
1438.53;-213.33;7.65763;
1438.53;-213.33;7.65763;
1437.09;-201.282;7.66757;
1437.09;-201.282;7.66757;
1435.86;-193.929;7.67914;
1434.99;-190.045;7.6813;
1434.71;-182.748;7.67815;
1434.71;-182.748;7.67815;
1434.46;-176.188;7.68763;
1432.84;-171.816;7.68386;
1432.45;-165.136;7.68011;
1432.04;-159.22;7.68402;
1432.04;-159.22;7.68402;
1431.5;-152.509;7.67647;
1431.19;-147.51;7.6798;
1429.85;-140.59;7.67772;
1430.62;-134.228;7.68098;
1430.62;-134.228;7.68098;
1430.51;-130.572;7.6796;
1429.31;-123.062;7.68155;
1429.31;-123.062;7.68155;
1429.39;-116.441;7.68155;
1429.38;-111.355;7.6726;
1428.43;-106.519;7.67798;
1429.27;-98.8377;7.68467;
1428.92;-92.5977;7.68625;
1428.94;-88.2294;7.67566;
1428.94;-88.2294;7.67566;
1429.6;-81.0266;7.67904;
1428.21;-74.2435;7.68148;
1428.76;-68.8967;7.68183;
1428.76;-68.8967;7.68183;
1428.87;-64.2149;7.67984;
1428.04;-57.7408;7.679;
1427.03;-52.0377;7.67003;
1428.14;-46.6866;7.67291;
1428.14;-46.6866;7.67291;
1425.74;-39.4838;7.676;
1425.64;-33.6911;7.67751;
1424.08;-28.9538;7.676;
1425.64;-22.2187;7.67192;
1425.64;-22.2187;7.67192;
1423.08;-8.90963;7.6745;
1423.08;-8.90963;7.6745;
1424.1;-3.16261;7.69305;
1423.48;3.19707;7.69175;
1423.32;8.30893;7.69591;
1423.32;8.30893;7.69591;
1423.47;14.1079;7.7029;
1423.87;20.796;7.69683;
1420.46;26.2632;7.71168;
1421.29;32.1431;7.70737;
1420.48;37.9869;7.71049;
1420.48;37.9869;7.71049;
1419.99;44.089;7.6992;
1419.85;49.7525;7.70689;
1417.17;55.5057;7.70689;
1417.17;55.5057;7.70689;
1418.86;63.0689;7.70843;
1418.53;67.2823;7.71312;
1418.17;74.1398;7.71252;
1418.17;74.1398;7.71252;
1417.81;79.3287;7.69773;
1418.34;86.4346;7.70452;
1417.68;92.7936;7.70361;
1416.68;97.8128;7.70072;
1416.69;104.157;7.71168;
1416.69;104.157;7.71168;
1417.93;110.192;7.70551;
1416.95;116.161;7.71791;
1416.25;121.85;7.715;
1416.25;121.85;7.715;
1415.97;129.156;7.70539;
1416.94;134.973;7.71497;
1417.09;141.07;7.71135;
1415.76;147.424;7.7171;
1414.89;152.386;7.71083;
1414.89;152.386;7.71083;
1416.01;159.402;7.72055;
1415.15;166.483;7.71749;
1414.77;171.736;7.70994;
1414.77;171.736;7.70994;
1413.66;177.255;7.7221;
1413.64;183.582;7.71725;
1413.19;190.701;7.72346;
1411.87;196.028;7.7238;
1412.29;201.907;7.72277;
1412.29;201.907;7.72277;
1410.94;208.735;7.73289;
1410.91;214.775;7.73906;
1410.86;219.632;7.73312;
1410.32;226.88;7.7416;
1410.32;226.88;7.7416;
1410.56;233.025;7.73148;
1409.33;238.315;7.74404;
1409.08;245.087;7.72981;
1408.83;250.021;7.74528;
1408.83;250.021;7.74528;
1409.09;257.053;7.74479;
1409.62;261.591;7.737;
1408.77;267.731;7.73879;
1408.77;267.731;7.73879;
1409.46;279.621;7.74134;
1409.46;279.621;7.74134;
1409.62;286.2;7.73359;
1410.1;291.729;7.72855;
1410.52;297.123;7.74486;
1410.52;297.123;7.74486;
1411.69;303.538;7.73739;
1411.48;309.165;7.73774;
1411.54;315.576;7.73537;
1411.54;315.576;7.73537;
1411.14;320.829;7.73032;
1411.5;327.242;7.74761;
1411.81;332.795;7.74951;
1412.33;338.002;7.75093;
1411.77;343.712;7.74534;
1411.77;343.712;7.74534;
1411.79;350.231;7.76136;
1411.44;355.682;7.77564;
1410.41;361.235;7.75054;
1410.41;361.235;7.75054;
1410.62;367.494;7.77286;
1410.66;373.058;7.78393;
1410.54;379.198;7.78669;
1410.03;384.679;7.79253;
1409.31;391.224;7.78172;
1409.31;391.224;7.78172;
1409.43;395.921;7.78976;
1408.74;402.036;7.77691;
1408.24;407.886;7.78743;
1408.24;407.886;7.78743;
1408.11;420.383;7.7962;
1408.11;420.383;7.7962;
1408.55;425.743;7.80097;
1407.74;431.651;7.79918;
1407.45;437.138;7.81074;
1407.45;437.138;7.81074;
1407.69;442.62;7.79482;
1407.4;449.221;7.79905;
1406.55;454.687;7.81737;
1406.55;454.687;7.81737;
1406.31;459.534;7.81279;
1407.81;465.436;7.81737;
1407.17;470.931;7.81883;
1406.29;476.735;7.82295;
1406.29;482.55;7.8246;
1406.29;482.55;7.8246;
1406.67;488.641;7.83486;
1406.59;494.192;7.84377;
1406.04;500.382;7.84108;
1405.83;505.673;7.84584;
1405.83;505.673;7.84584;
1405.28;512.066;7.84866;
1406.06;517.002;7.86313;
1405.39;523.605;7.85883;
1402.56;528.663;7.86155;
1402.56;528.663;7.86155;
1402.58;534.929;7.86012;
1403.01;539.97;7.86278;
1402.09;547.164;7.87678;
1402.09;547.164;7.87678;
1402.11;558.621;7.87779;
1402.11;558.621;7.87779;
1398.99;565.795;7.88621;
1398.3;571.998;7.88845;
1396.96;576.53;7.88929;
1396.96;576.53;7.88929;
1395.51;580.926;7.89837;
1394.7;588.803;7.89703;
1395.26;595.362;7.90024;
1395.26;595.362;7.90024;
1393.58;599.396;7.90209;
1391.84;605.165;7.91915;
1390.76;611.089;7.93859;
1391.17;617.979;7.92494;
1390.18;623.607;7.93956;
1390.18;623.607;7.93956;
1388.06;629.257;7.94753;
1387.02;637.533;7.94186;
1386.35;641.079;7.9486;
1386.35;641.079;7.9486;
1386.12;647.041;7.96564;
1386.5;653.613;7.95116;
1384.85;658.982;7.95267;
1384.93;665.583;7.96235;
1383.88;670.398;7.96557;
1383.88;670.398;7.96557;
1383.7;677.938;7.96557;
1382.9;680.76;7.96626;
1382.58;687.852;7.98077;
1382.58;687.852;7.98077;
1382.42;693.81;7.98111;
1382.31;699.294;7.98829;
1380.56;704.532;7.99801;
1380.21;710.957;8.00469;
1380.21;710.957;8.00469;
1378.02;717.266;8.01334;
1376.84;721.128;8.02781;
1375.01;727.982;8.03707;
1372.38;733.028;8.04226;
1372.38;733.028;8.04226;
1371.65;739.053;8.05627;
1370.09;744.774;8.07229;
1366.21;750.679;8.07919;
1365.16;755.992;8.08132;
1362.33;759.547;8.09147;
1362.33;759.547;8.09147;
1361.13;766.563;8.09442;
1359.7;770.579;8.10074;
1357.61;777.259;8.106;
1357.61;777.259;8.106;
1355.22;780.577;8.12071;
1353.68;786.706;8.12954;
1350.64;791.745;8.12565;
1348.06;797.448;8.137;
1345;801.264;8.14127;
1345;801.264;8.14127;
1342.71;806.298;8.14861;
1340.09;811.085;8.15364;
1337.06;817.016;8.16429;
1337.06;817.016;8.16429;
1334.83;820.624;8.16873;
1331.96;825.572;8.1733;
1329.46;830.039;8.18114;
1326.8;835.983;8.18794;
1323.89;839.512;8.19408;
1323.89;839.512;8.19408;
1321.24;844.924;8.20128;
1318.87;849.543;8.20829;
1315.56;855.479;8.21912;
1315.56;855.479;8.21912;
1313.01;858.777;8.21878;
1309.98;863.755;8.22441;
1307.45;869.083;8.22372;
1307.45;869.083;8.22372;
1301.41;879.027;8.2344;
1301.41;879.027;8.2344;
1298.97;884.833;8.24268;
1296.59;889.771;8.25188;
1293.69;896.526;8.26124;
1293.69;896.526;8.26124;
1292.27;901.534;8.26303;
1289.52;906.846;8.27336;
1287.22;913.097;8.28149;
1284.48;918.567;8.2835;
1282.48;923.784;8.29029;
1282.48;923.784;8.29029;
1280.31;929.495;8.30152;
1277.93;935.682;8.30862;
1275.5;940.924;8.30827;
1275.5;940.924;8.30827;
1272.74;946.785;8.31806;
1270.24;951.902;8.32587;
1267.57;957.622;8.33244;
1267.57;957.622;8.33244;
1262.36;967.995;8.33879;
1262.36;967.995;8.33879;
1259.55;972.104;8.33879;
1256.68;978.081;8.34559;
1253.81;982.966;8.35066;
1253.81;982.966;8.35066;
1251.78;988.446;8.3534;
1248.52;993.948;8.35582;
1245.45;998.236;8.36504;
1242.28;1003.88;8.35851;
1239.29;1008.4;8.37576;
1239.29;1008.4;8.37576;
1237.45;1013.93;8.37516;
1234.4;1019.61;8.38217;
1231.94;1024.56;8.37764;
1229.18;1029.8;8.37373;
1225.64;1034.48;8.37969;
1225.64;1034.48;8.37969;
1222.67;1039.08;8.38653;
1218.64;1044.17;8.38397;
1214.69;1048.78;8.38808;
1214.69;1048.78;8.38808;
1210.8;1053.46;8.40498;
1206.95;1057.69;8.41406;
1202.76;1061.36;8.42418;
1202.76;1061.36;8.42418;
1198.61;1065.36;8.43113;
1195.09;1069.79;8.44224;
1190.62;1073.64;8.45909;
1186.19;1076.54;8.46047;
1180.39;1080.36;8.46013;
1180.39;1080.36;8.46013;
1175.43;1083.5;8.47407;
1170.45;1086.82;8.47735;
1165.54;1090.21;8.49011;
1165.54;1090.21;8.49011;
1160.85;1094.15;8.49304;
1156.63;1096.69;8.50624;
1151.91;1099.77;8.51735;
1151.91;1099.77;8.51735;
1142.29;1105.81;8.55227;
1142.29;1105.81;8.55227;
1137.41;1108.39;8.55227;
1132.93;1112.16;8.57382;
1128.7;1115.29;8.58445;
1128.7;1115.29;8.58445;
1123.57;1117.75;8.59057;
1119.25;1120.84;8.61176;
1114.01;1123.42;8.61841;
1109.13;1126.28;8.63041;
1104.1;1128.79;8.64103;
1104.1;1128.79;8.64103;
1099.19;1131.26;8.6462;
1094.51;1134.52;8.66021;
1088.72;1137.35;8.67686;
1088.72;1137.35;8.67686;
1083.32;1139.62;8.67566;
1078.16;1141.49;8.6927;
1071.97;1144.34;8.7025;
1071.97;1144.34;8.7025;
1066.35;1146.02;8.70862;
1066.35;1146.02;8.70862;
1053.51;1151.8;8.73818;
1045.92;1154.05;8.74987;
1038.84;1155.68;8.76025;
1038.84;1155.68;8.76025;
1031.16;1157.95;8.77091;
1023.84;1160.17;8.78622;
1016.74;1162.56;8.8061;
1009.19;1164.11;8.81997;
1002.97;1165.64;8.82741;
1002.97;1165.64;8.82741;
996.913;1167.32;8.85003;
990.915;1168.75;8.86173;
985.069;1170.18;8.86872;
985.069;1170.18;8.86872;
985.069;1170.18;8.86872;
985.069;1170.18;8.86872;
968.495;1173.89;8.90553;
968.495;1173.89;8.90553;
957.191;1175.79;8.93254;
957.191;1175.79;8.93254;
951.708;1176.93;8.94641;
947.026;1177.81;8.97009;
940.67;1178.22;8.97779;
940.67;1178.22;8.97779;
934.897;1178.53;8.99484;
929.427;1179.46;9.00369;
923.778;1179.78;9.0115;
917.189;1180.86;9.05643;
911.436;1182.15;9.0392;
911.436;1182.15;9.0392;
905.86;1182.25;9.04871;
900.457;1183.3;9.05854;
894.244;1183.59;9.06754;
894.244;1183.59;9.06754;
888.215;1184.62;9.07864;
882.917;1185.45;9.09764;
877.001;1186.47;9.11452;
877.001;1186.47;9.11452;
864.252;1188.31;9.13519;
864.252;1188.31;9.13519;
858.005;1188.19;9.15158;
852.163;1188.16;9.1591;
846.04;1188.26;9.17013;
846.04;1188.26;9.17013;
846.04;1188.26;9.17013;
833.721;1189.03;9.19178;
828.089;1189.01;9.19903;
822.736;1189.28;9.21948;
816.53;1189.34;9.25335;
816.53;1189.34;9.25335;
810.664;1188.88;9.23412;
804.704;1189;9.23834;
799.717;1189.18;9.25754;
799.717;1189.18;9.25754;
787.599;1189.9;9.27297;
787.599;1189.9;9.27297;
782.228;1190.34;9.27641;
776.606;1189.86;9.28476;
770.664;1190.17;9.2861;
770.664;1190.17;9.2861;
764.06;1190.92;9.29682;
759.094;1191.52;9.30442;
753.93;1192.09;9.30996;
753.93;1192.09;9.30996;
748.234;1193.04;9.31551;
742.614;1193.97;9.31901;
737.285;1195.35;9.35476;
731.863;1196.55;9.33521;
726.08;1197.49;9.33555;
726.08;1197.49;9.33555;
720.48;1198.95;9.33195;
715.536;1200.47;9.34446;
709.597;1201.42;9.34565;
709.597;1201.42;9.34565;
703.857;1202.45;9.35488;
698.828;1203.37;9.36237;
692.779;1205.64;9.37001;
687.011;1206.43;9.37942;
682.275;1207.62;9.38433;
682.275;1207.62;9.38433;
676.086;1209.52;9.38691;
671.709;1210.03;9.39656;
666.097;1211.13;9.39393;
666.097;1211.13;9.39393;
659.915;1212.35;9.40441;
654.329;1213.76;9.40249;
648.705;1214.92;9.4;
642.771;1215.61;9.38987;
637.324;1216.99;9.39617;
637.324;1216.99;9.39617;
630.997;1217.24;9.41123;
625.361;1217.3;9.40199;
619.429;1218.34;9.40818;
619.429;1218.34;9.40818;
613.23;1218.36;9.41146;
607.234;1218.84;9.40707;
601.502;1219.34;9.41308;
595.524;1219.13;9.40621;
589.313;1219.06;9.41214;
589.313;1219.06;9.41214;
583.745;1218.64;9.4118;
578.764;1218.3;9.40371;
572.619;1218.15;9.41239;
572.619;1218.15;9.41239;
567.15;1217.94;9.41673;
561.305;1218.69;9.41588;
555.37;1218.18;9.40859;
549.866;1217.65;9.4196;
544.249;1217.77;9.41571;
544.249;1217.77;9.41571;
538.357;1218.02;9.41134;
532.431;1218.34;9.40848;
526.953;1218.66;9.41581;
526.953;1218.66;9.41581;
520.537;1219.58;9.41923;
514.442;1220.4;9.41923;
508.663;1220.81;9.42042;
508.663;1220.81;9.42042;
496.171;1222.54;9.42833;
496.171;1222.54;9.42833;
489.955;1223.35;9.42695;
484.674;1224.04;9.42661;
478.701;1225.3;9.43585;
478.701;1225.3;9.43585;
473.013;1226.06;9.43645;
467.286;1227.09;9.44208;
461.212;1228.47;9.43814;
455.171;1229.41;9.43165;
448.917;1230.21;9.44304;
448.917;1230.21;9.44304;
448.917;1230.21;9.44304;
436.756;1231.88;9.43745;
431.42;1232.47;9.44208;
431.42;1232.47;9.44208;
425.033;1233.18;9.44139;
419.183;1234.23;9.44869;
412.805;1234.52;9.44017;
412.805;1234.52;9.44017;
401.889;1235.72;9.4457;
401.889;1235.72;9.4457;
395.097;1235.91;9.44783;
395.097;1235.91;9.44783;
382.847;1236.55;9.4569;
382.847;1236.55;9.4569;
377.297;1237.27;9.4498;
371.615;1237.84;9.45095;
365.322;1239.01;9.45935;
359.386;1239.39;9.45647;
353.068;1239.87;9.45169;
353.068;1239.87;9.45169;
347.034;1239.97;9.45072;
341.765;1239.94;9.44917;
335.47;1239.83;9.45083;
335.47;1239.83;9.45083;
323.951;1241.17;9.48564;
323.951;1241.17;9.48564;
317.679;1241.55;9.45041;
312.049;1241.34;9.45618;
312.049;1241.34;9.45618;
306.536;1242.31;9.41443;
299.316;1242.53;9.4689;
293.732;1242.67;9.45558;
287.716;1243.14;9.46844;
287.716;1243.14;9.46844;
287.716;1243.14;9.46844;
275.842;1244.37;9.4526;
275.842;1244.37;9.4526;
263.56;1245.44;9.49321;
258.393;1245.72;9.46289;
258.393;1245.72;9.46289;
252.135;1246.48;9.49978;
245.867;1247.15;9.4637;
240.236;1247.95;9.46147;
240.236;1247.95;9.46147;
234.13;1248.87;9.4651;
228.189;1249.68;9.47115;
221.99;1251.03;9.46301;
221.99;1251.03;9.46301;
209.843;1253.29;9.46829;
209.843;1253.29;9.46829;
203.656;1253.66;9.46794;
197.735;1253.8;9.47191;
191.719;1254.15;9.47093;
191.719;1254.15;9.47093;
185.445;1255.01;9.47533;
179.603;1256.26;9.47042;
179.603;1256.26;9.47042;
167.9;1256.16;9.46965;
161.611;1256.25;9.47206;
161.611;1256.25;9.47206;
155.721;1256.26;9.4698;
150.902;1265.7;9.4487;
144.933;1265.56;9.47011;
144.933;1265.56;9.47011;
140.035;1267.16;9.48063;
131.805;1268.42;9.46731;
127.801;1268;9.48538;
127.801;1268;9.48538;
117.87;1268.78;9.45674;
114.833;1266.95;9.46315;
106.03;1267.8;9.45106;
102.428;1256.3;9.45518;
95.8527;1256.41;9.46773;
93.5451;1267.36;9.42239;
89.651;1266.79;9.46162;
84.4194;1256.83;9.46396;
78.0613;1257.3;9.47765;
75.5353;1266.86;9.43938;
66.4425;1258.2;9.47176;
66.4425;1258.2;9.47176;
60.322;1258.61;9.49087;
56.8757;1270.59;9.4803;
46.9979;1272.49;9.47851;
46.9979;1272.49;9.47851;
44.2496;1273.62;9.49168;
33.7548;1273.56;9.48283;
27.7595;1275.11;9.46951;
24.2303;1262.88;9.46902;
17.7026;1263.74;9.47593;
12.496;1274.57;9.43348;
9.19889;1274.88;9.45887;
6.03057;1265.22;9.47657;
-0.433582;1266.54;9.48516;
-5.07967;1278.12;9.4936;
-12.0837;1279.5;9.48868;
-11.7785;1267.61;9.47518;
-17.8525;1269;9.47346;
-24.1585;1270.14;9.48282;
-30.3556;1270.61;9.47221;
-30.3556;1270.61;9.47221;
-36.2636;1270.7;9.47765;
-45.0778;1284.03;9.46719;
-50.3417;1284.56;9.44987;
-50.3417;1284.56;9.44987;
-57.2771;1284.95;9.47111;
-64.0286;1284.68;9.4723;
-69.4847;1287.26;9.46243;
-69.4847;1287.26;9.46243;
-79.2843;1287.37;9.50404;
-80.6492;1288.01;9.48883;
-91.3257;1287.71;9.49486;
-89.3015;1275.55;9.47526;
-95.0865;1275.63;9.48159;
-103.682;1289.36;9.46977;
-112.767;1290.6;9.47588;
-108.296;1276.94;9.47295;
-113.874;1277.52;9.47565;
-124.483;1290.96;9.46348;
-125.918;1278.06;9.47059;
-125.918;1278.06;9.47059;
-130.67;1278.18;9.47156;
-137.067;1278.43;9.46844;
-149.021;1291.94;9.46369;
-149.021;1291.94;9.46369;
-159.005;1292.45;9.45767;
-161.538;1293.83;9.4775;
-170.777;1292.76;9.46158;
-170.777;1292.76;9.46158;
-176.512;1293.8;9.50491;
-182.872;1296.12;9.489;
-190.585;1295.17;9.48448;
-185.234;1279.7;9.46705;
-194.24;1295.62;9.48493;
-202.076;1294.27;9.4872;
-206.143;1294.38;9.47946;
-206.143;1294.38;9.47946;
-216.471;1295.47;9.4831;
-221.026;1295.73;9.48401;
-227.801;1295.02;9.46635;
-227.801;1295.02;9.46635;
-235.241;1296.4;9.49728;
-240.651;1296.32;9.49637;
-248.841;1297.46;9.47603;
-248.841;1297.46;9.47603;
-254.911;1297.52;9.47034;
-261.743;1297.83;9.47879;
-267.962;1298.56;9.45965;
-267.962;1298.56;9.45965;
-273.424;1298.23;9.46517;
-282.651;1297.33;9.4618;
-285.208;1297.87;9.45155;
-285.208;1297.87;9.45155;
-294.364;1299.07;9.46131;
-297.243;1299.45;9.43698;
-306.048;1301.25;9.47688;
-306.048;1301.25;9.47688;
-311.59;1302.79;9.46271;
-318.273;1304.43;9.47456;
-325.553;1304.88;9.47547;
-325.553;1304.88;9.47547;
-329.364;1304.59;9.47145;
-337.926;1305.48;9.45504;
-337.926;1305.48;9.45504;
-341.518;1305.99;9.46657;
-351.065;1305.8;9.46006;
-351.065;1305.8;9.46006;
-355.947;1307.1;9.46721;
-362.436;1306.08;9.45197;
-368.088;1306.3;9.45815;
-374.062;1305.51;9.4448;
-381.127;1306.43;9.4522;
-381.127;1306.43;9.4522;
-386.274;1305.72;9.44417;
-393.654;1306.61;9.45102;
-397.894;1306.45;9.42913;
-397.894;1306.45;9.42913;
-406.744;1306.73;9.43887;
-411.816;1306.96;9.42503;
-418.291;1305.72;9.4217;
-418.291;1305.72;9.4217;
-423.387;1306.96;9.4275;
-423.387;1306.96;9.4275;
-429.543;1307.55;9.42299;
-435.654;1307.57;9.41846;
-440.998;1308.38;9.40575;
-447.144;1308.12;9.40428;
-452.882;1308.44;9.40428;
-452.882;1308.44;9.40428;
-458.703;1308.86;9.39347;
-458.703;1308.86;9.39347;
-469.464;1308.84;9.40061;
-469.464;1308.84;9.40061;
-475.286;1309.22;9.39079;
-475.286;1309.22;9.39079;
-480.888;1309.22;9.39907;
-486.733;1309.64;9.38269;
-495.99;1309.97;9.40353;
-495.99;1309.97;9.40353;
-508.039;1308.25;9.41693;
-508.039;1308.25;9.41693;
-513.018;1306.85;9.41895;
-513.018;1306.85;9.41895;
-519.221;1304.71;9.43435;
-525.178;1304.07;9.4537;
-531.321;1302.7;9.43217;
-531.321;1302.7;9.43217;
-537.323;1298.75;9.45121;
-542.52;1296.88;9.44362;
-548.252;1294.97;9.47061;
-548.252;1294.97;9.47061;
-553.758;1292.58;9.44763;
-561.734;1290.16;9.48029;
-566.324;1286.28;9.47969;
-566.324;1286.28;9.47969;
-572.056;1283.06;9.48854;
-577.062;1279.85;9.48446;
-586.322;1277.08;9.50171;
-586.322;1277.08;9.50171;
-591.141;1273.38;9.49231;
-597.208;1269.45;9.54398;
-602.093;1266.02;9.49621;
-602.093;1266.02;9.49621;
-609.081;1264.02;9.50195;
-613.766;1259.32;9.53437;
-619.571;1255.36;9.55245;
-619.571;1255.36;9.55245;
-623.713;1252.2;9.52749;
-630.93;1250.79;9.52377;
-636.165;1246.14;9.56083;
-636.165;1246.14;9.56083;
-641.504;1243.04;9.56132;
-645.483;1239.17;9.57489;
-650.922;1236.14;9.55616;
-650.922;1236.14;9.55616;
-656.179;1232.23;9.58455;
-660.467;1228.29;9.58922;
-664.681;1225.22;9.60859;
-664.681;1225.22;9.60859;
-670.998;1221.3;9.62428;
-675.697;1218.17;9.60797;
-681.756;1213.74;9.63146;
-681.756;1213.74;9.63146;
-687;1211.84;9.67075;
-692.3;1206.1;9.6204;
-696.868;1203.02;9.63677;
-696.868;1203.02;9.63677;
-701.087;1199.54;9.6601;
-707.709;1195.44;9.66968;
-712.208;1191.22;9.66133;
-712.208;1191.22;9.66133;
-717.536;1187.69;9.70759;
-722.761;1183.52;9.68178;
-726.409;1179.34;9.67547;
-726.409;1179.34;9.67547;
-732.35;1174.39;9.72433;
-736.468;1169.41;9.72742;
-740.935;1165.91;9.71624;
-740.935;1165.91;9.71624;
-746.468;1162.09;9.73494;
-751.485;1157.79;9.74883;
-757.267;1153.93;9.80365;
-757.267;1153.93;9.80365;
-761.14;1150.43;9.77007;
-766.165;1146.04;9.78304;
-769.958;1142.13;9.8168;
-769.958;1142.13;9.8168;
-775.789;1137.47;9.80975;
-780.258;1133.93;9.82736;
-784.945;1130.2;9.82995;
-784.945;1130.2;9.82995;
-789.493;1125.6;9.84502;
-794.1;1122.27;9.88754;
-799.662;1118.49;9.85515;
-799.662;1118.49;9.85515;
-803.079;1114.98;9.87196;
-806.985;1112.86;9.86802;
-812.46;1109.31;9.89617;
-812.46;1109.31;9.89617;
-817.121;1106.3;9.91854;
-820.226;1101.88;9.96968;
-822.854;1099.08;9.97857;
-822.854;1099.08;9.97857;
-824.369;1095.32;10.0521;
-828.403;1091.9;10.0988;
-831.496;1087.52;10.1366;
-831.496;1087.52;10.1366;
-833.53;1083.22;10.1579;
-834.954;1078.68;10.2063;
-840.267;1072.53;10.2041;
-840.267;1072.53;10.2041;
-843.277;1065.1;10.2284;
-844.888;1058.82;10.2439;
-849.146;1050.49;10.2514;
-849.146;1050.49;10.2514;
-852.469;1043.99;10.2786;
-854.705;1035.63;10.2719;
-858.814;1028.69;10.2703;
-858.814;1028.69;10.2703;
-861.699;1021.4;10.3246;
-863.269;1014.47;10.3065;
-864.672;1004.79;10.3214;
-864.672;1004.79;10.3214;
-868.921;996.748;10.3376;
-872.28;989.384;10.3494;
-874.157;981.204;10.3806;
-874.157;981.204;10.3806;
-874.707;974.268;10.3801;
-876.203;968.319;10.4225;
-878.38;959.49;10.411;
-878.38;959.49;10.411;
-880.971;952.552;10.4196;
-881.901;945.748;10.4608;
-883.166;940.311;10.4581;
-883.166;940.311;10.4581;
-883.683;933.355;10.4764;
-885.282;928.049;10.4806;
-885.016;923.107;10.5034;
-885.016;923.107;10.5034;
-886.716;914.979;10.5211;
-887.638;910.311;10.5156;
-889.567;902.912;10.5171;
-889.567;902.912;10.5171;
-889.32;896.732;10.5523;
-890.241;891.281;10.5409;
-890.959;883.385;10.5834;
-890.959;883.385;10.5834;
-889.961;878.462;10.6229;
-890.69;872.211;10.6381;
-889.708;865.978;10.6432;
-889.708;865.978;10.6432;
-891.393;861.719;10.6451;
-890.25;853.537;10.6868;
-890.673;848.709;10.6663;
-890.673;848.709;10.6663;
-891.789;841.14;10.7035;
-891.171;835.546;10.7117;
-891.681;829.157;10.7269;
-891.681;829.157;10.7269;
-891.454;822.684;10.7308;
-892.044;815.324;10.7663;
-891.223;809.234;10.7672;
-891.223;809.234;10.7672;
-891.447;802.904;10.7765;
-890.987;796.179;10.7672;
-890.055;791.781;10.7979;
-890.055;791.781;10.7979;
-889.906;783.992;10.8146;
-889.228;777.041;10.8137;
-889.228;777.041;10.8137;
-890.168;771.195;10.8284;
-890.642;765.233;10.8547;
-890.108;758.755;10.8503;
-890.927;752.024;10.8818;
-890.927;752.024;10.8818;
-892.593;748.169;10.8699;
-891.825;739.779;10.8881;
-893.47;736.262;10.8949;
-893.47;736.262;10.8949;
-891.365;726.911;10.9008;
-891.927;720.746;10.9177;
-893.489;715.024;10.9027;
-893.489;715.024;10.9027;
-892.843;707.695;10.923;
-894.575;703.444;10.9187;
-894.612;696.262;10.956;
-894.612;696.262;10.956;
-895.198;691.555;10.9141;
-895.309;684.993;10.9636;
-894.57;680.288;10.9617;
-894.57;680.288;10.9617;
-895.703;673.733;10.9567;
-893.97;668.599;10.9655;
-895.759;661.377;10.9606;
-895.759;661.377;10.9606;
-895.759;661.377;10.9606;
-895.514;649.226;10.9762;
-895.596;641.372;10.9827;
-895.596;641.372;10.9827;
-896.109;636.716;11.0039;
-895.312;628.841;10.9731;
-896.086;624.758;10.9899;
-896.086;624.758;10.9899;
-898.199;617.135;10.9842;
-899.622;610.567;10.9917;
-901.38;604.656;10.983;
-901.38;604.656;10.983;
-899.847;598.853;10.9849;
-900.542;592.976;11.0052;
-899.163;583.756;10.9989;
-899.163;583.756;10.9989;
-899.766;577.93;10.9969;
-900.464;571.964;11.0161;
-900.212;566.272;10.9859;
-900.212;566.272;10.9859;
-900.692;561.009;11.0175;
-900.542;553.705;10.9872;
-900.962;548.243;10.9872;
-900.962;548.243;10.9872;
-900.981;540.347;11.0062;
-900.58;534.549;10.9976;
-900.58;534.549;10.9976;
-901.027;528.108;11.0147;
-901.197;521.048;10.9858;
-900.564;514.597;11.0156;
-901.765;508.008;11.0138;
-901.765;508.008;11.0138;
-901.719;502.271;11.0134;
-901.95;495.83;11.0329;
-902.34;489.327;11.0012;
-902.34;489.327;11.0012;
-903.383;482.89;11.0175;
-904.386;475.569;11.0175;
-907.784;469.879;11.0221;
-907.784;469.879;11.0221;
-908.731;463.479;11.0314;
-907.973;457.962;11.0207;
-908.885;451.933;11.0333;
-908.885;451.933;11.0333;
-910.085;444.616;11.0134;
-909.758;438.609;11.024;
-909.503;432.842;11.0402;
-909.503;432.842;11.0402;
-910.907;425.506;11.0172;
-912.587;418.713;11.0429;
-911.024;413.367;11.0328;
-911.024;413.367;11.0328;
-913.019;406.313;11.0283;
-913.601;401.661;11.0536;
-913.876;394.075;11.0334;
-913.876;394.075;11.0334;
-914.121;386.949;11.0298;
-916.051;381.096;11.0368;
-916.051;381.096;11.0368;
-916.777;374.668;11.0309;
-917.401;368.329;11.0358;
-916.153;360.914;11.0382;
-916.621;355.4;11.0376;
-916.621;355.4;11.0376;
-917.141;349.104;11.0279;
-916.625;341.689;11.045;
-917.83;337.256;11.053;
-917.83;337.256;11.053;
-916.996;328.245;11.0217;
-916.679;323.07;11.0299;
-918.134;317.302;11.0377;
-918.134;317.302;11.0377;
-917.153;309.267;11.0436;
-917.824;305.729;11.0329;
-917.523;296.274;11.0455;
-917.523;296.274;11.0455;
-918.691;289.806;11.0468;
-917.85;285.252;11.0595;
-919.716;276.561;11.0329;
-919.716;276.561;11.0329;
-921.521;272.696;11.0469;
-921.954;267.851;11.0255;
-921.813;258.709;11.0368;
-921.813;258.709;11.0368;
-923.272;253.098;11.0591;
-925.014;246.413;11.0315;
-924.168;241.664;11.0444;
-924.168;241.664;11.0444;
-925.316;235.07;11.0444;
-925.233;227.2;11.0495;
-926.341;222.285;11.0363;
-926.341;222.285;11.0363;
-927.033;213.53;11.037;
-926.21;209.59;11.0669;
-927.403;202.604;11.0688;
-927.403;202.604;11.0688;
-929.206;194.377;11.0764;
-930.354;190.827;11.0621;
-930.647;185.767;11.0488;
-930.647;185.767;11.0488;
-930.888;175.331;11.0519;
-933.157;170.619;11.0399;
-932.292;164.175;11.0405;
-932.292;164.175;11.0405;
-932.502;158.785;11.0488;
-933.687;151.218;11.0293;
-933.325;144.598;11.0669;
-933.325;144.598;11.0669;
-933.803;139.777;11.0392;
-933.572;132.123;11.037;
-933.588;126.131;11.0624;
-933.588;126.131;11.0624;
-932.607;117.647;11.0447;
-934.394;111.347;11.0643;
-933.715;106.842;11.0477;
-933.715;106.842;11.0477;
-933.514;99.1556;11.042;
-933.364;94.2583;11.0628;
-933.364;94.2583;11.0628;
-932.833;88.3549;11.0474;
-933.417;80.8521;11.0421;
-933.494;74.3615;11.0589;
-933.494;74.3615;11.0589;
-933.869;67.8566;11.0376;
-933.674;60.6577;11.041;
-934.561;54.8669;11.0548;
-935.59;49.3193;11.0466;
-935.59;49.3193;11.0466;
-934.641;43.155;11.0532;
-935.782;35.5714;11.0687;
-935.605;29.9204;11.0553;
-935.605;29.9204;11.0553;
-936.558;23.4669;11.0605;
-938.003;17.0258;11.0718;
-938.604;9.55119;11.0596;
-938.604;9.55119;11.0596;
-940.77;5.06814;11.067;
-940.77;5.06814;11.067;
-943.38;-7.7515;11.0651;
-943.38;-7.7515;11.0651;
-943.092;-16.1111;11.0626;
-941.546;-22.1806;11.0402;
-941.546;-22.1806;11.0402;
-943.425;-26.6468;11.049;
-943.365;-36.9108;11.0585;
-945.815;-43.0259;11.0501;
-946.076;-46.0084;11.0714;
-946.076;-46.0084;11.0714;
-947.662;-56.7379;11.0556;
-948.168;-62.5364;11.0479;
-948.372;-67.9259;11.0513;
-948.372;-67.9259;11.0513;
-947.76;-74.1205;11.0447;
-948.779;-79.6826;11.0604;
-948.779;-79.6826;11.0604;
-948.892;-87.9489;11.0588;
-948.366;-93.9775;11.0498;
-948.366;-93.9775;11.0498;
-949.793;-99.7145;11.0671;
-947.61;-106.009;11.0457;
-948.198;-114.42;11.0385;
-949.524;-118.987;11.0602;
-948.941;-128.004;11.0659;
-948.941;-128.004;11.0659;
-949.952;-133.787;11.0449;
-949.952;-133.787;11.0449;
-951.075;-144.771;11.0415;
-951.075;-144.771;11.0415;
-951.43;-150.264;11.0447;
-952.026;-160.155;11.058;
-951.777;-166.013;11.0495;
-951.777;-166.013;11.0495;
-952.205;-169.693;11.0404;
-952.205;-169.693;11.0404;
-953.074;-179.842;11.0681;
-954.645;-183.136;11.0514;
-953.932;-190.667;11.0562;
-953.932;-190.667;11.0562;
-953.949;-196.233;11.0403;
-954.93;-202.345;11.0555;
-954.671;-211.35;11.0377;
-954.671;-211.35;11.0377;
-954.819;-216.675;11.0496;
-957.011;-220.734;11.0563;
-958.928;-227.826;11.0648;
-958.928;-227.826;11.0648;
-961.221;-233.768;11.0554;
-962.1;-242.588;11.0587;
-963.716;-248.267;11.0535;
-963.716;-248.267;11.0535;
-963.568;-252.609;11.066;
-964.412;-262.839;11.0605;
-966.742;-265.021;11.0605;
-966.742;-265.021;11.0605;
-966.356;-274.107;11.0528;
-966.439;-280.232;11.0571;
-969.027;-285.231;11.0628;
-969.027;-285.231;11.0628;
-970.364;-294.568;11.0497;
-970.26;-300.692;11.0536;
-971.712;-304.57;11.0698;
-971.712;-304.57;11.0698;
-970.724;-311.702;11.0782;
-970.724;-311.702;11.0782;
-974.058;-324.954;11.059;
-974.058;-324.954;11.059;
-975.326;-331.796;11.0644;
-975.903;-335.724;11.0667;
-976.076;-344.855;11.0547;
-976.076;-344.855;11.0547;
-976.166;-349.521;11.0504;
-977.352;-358.363;11.0756;
-977.655;-367.285;11.0559;
-977.655;-367.285;11.0559;
-977.633;-372.044;11.0832;
-978.08;-376.44;11.0604;
-977.936;-383.883;11.0511;
-977.936;-383.883;11.0511;
-978.005;-390.951;11.0568;
-977.416;-396.995;11.0737;
-979.971;-404.318;11.0604;
-979.971;-404.318;11.0604;
-978.516;-410.035;11.0572;
-981.373;-417.809;11.0676;
-980.991;-424.732;11.0606;
-980.991;-424.732;11.0606;
-981.482;-432.032;11.0566;
-982.825;-436.301;11.0493;
-982.596;-441.81;11.0691;
-982.596;-441.81;11.0691;
-983.14;-449.929;11.0663;
-983.477;-456.536;11.0247;
-983.529;-462.524;11.0586;
-983.529;-462.524;11.0586;
-983.507;-469.488;11.0331;
-983.086;-473.575;11.0373;
-983.795;-479.641;11.0413;
-983.795;-479.641;11.0413;
-984.267;-487.287;11.0283;
-983.066;-493.445;11.0496;
-981.143;-501.428;11.0252;
-981.143;-501.428;11.0252;
-979.763;-504.436;11.0545;
-981.543;-513.435;11.0315;
-978.102;-518.438;11.0211;
-978.102;-518.438;11.0211;
-977.078;-524.913;11.0541;
-974.708;-529.987;11.0133;
-975.324;-535.717;11.0584;
-975.324;-535.717;11.0584;
-972.032;-542.049;11.0395;
-969.527;-547.661;11.0527;
-968.454;-554.854;11.037;
-968.454;-554.854;11.037;
-966.58;-559.591;11.0401;
-966.168;-567.546;11.0466;
-965.575;-571.882;11.045;
-965.575;-571.882;11.045;
-960.598;-580.221;11.0547;
-958.927;-583.81;11.032;
-957.562;-590.191;11.0582;
-957.562;-590.191;11.0582;
-955.413;-596.157;11.0324;
-954.605;-600.379;11.0603;
-951.361;-606.592;11.0517;
-951.361;-606.592;11.0517;
-949.804;-613.817;11.0646;
-948.062;-619.401;11.0326;
-946.37;-624.488;11.0613;
-946.37;-624.488;11.0613;
-946.475;-631.958;11.0608;
-944.876;-638.033;11.0602;
-939.923;-644.017;11.066;
-939.923;-644.017;11.066;
-939.549;-649.253;11.0627;
-937.74;-655.955;11.0712;
-936.194;-662.158;11.08;
-936.194;-662.158;11.08;
-935.772;-666.935;11.0941;
-933.201;-672.305;11.0616;
-930.07;-679.205;11.0865;
-930.07;-679.205;11.0865;
-928.343;-686.79;11.0637;
-928.237;-691.421;11.1169;
-927.754;-699.29;11.072;
-927.754;-699.29;11.072;
-925.563;-705.099;11.0925;
-920.58;-711.12;11.0888;
-919.5;-715.728;11.1014;
-919.5;-715.728;11.1014;
-917.823;-722.111;11.0954;
-917.255;-728.73;11.1195;
-916.312;-734.165;11.1081;
-916.312;-734.165;11.1081;
-910.051;-742.429;11.1035;
-909.827;-746.496;11.1142;
-908.17;-755.247;11.1189;
-908.17;-755.247;11.1189;
-906.401;-757.909;11.1279;
-901.027;-765.733;11.0982;
-900.168;-771.103;11.1249;
-900.168;-771.103;11.1249;
-898.467;-777.487;11.1239;
-896.914;-783.098;11.1372;
-892.026;-789.172;11.1013;
-892.026;-789.172;11.1013;
-889.997;-794.452;11.1147;
-888.861;-801.371;11.145;
-888.618;-807.57;11.1377;
-888.618;-807.57;11.1377;
-886.52;-813.454;11.1364;
-882.276;-821.139;11.1318;
-879.721;-826.048;11.1295;
-879.721;-826.048;11.1295;
-878.885;-833.252;11.1443;
-876.712;-836.964;11.1515;
-872.404;-845.383;11.1313;
-872.404;-845.383;11.1313;
-870.467;-851.086;11.136;
-868.211;-857.043;11.1785;
-866.926;-861.835;11.1535;
-866.926;-861.835;11.1535;
-860.32;-868.716;11.1479;
-858.847;-873.591;11.1708;
-856.817;-879.749;11.1578;
-856.817;-879.749;11.1578;
-850.678;-885.192;11.1851;
-848.765;-890.106;11.1814;
-846.608;-895.515;11.1831;
-846.608;-895.515;11.1831;
-838.776;-902.216;11.1763;
-836.85;-906.849;11.1943;
-833.189;-913.859;11.1755;
-833.189;-913.859;11.1755;
-829.496;-917.233;11.2087;
-825.978;-921.447;11.2163;
-819.385;-928.184;11.2214;
-819.385;-928.184;11.2214;
-817.979;-934.167;11.2099;
-812.254;-938.495;11.2332;
-807.017;-945.22;11.2228;
-807.017;-945.22;11.2228;
-805.008;-948.968;11.2528;
-798.677;-954.479;11.2569;
-796.811;-959.692;11.234;
-796.811;-959.692;11.234;
-793.41;-964.798;11.2778;
-786.802;-969.979;11.2988;
-783.975;-973.887;11.308;
-783.975;-973.887;11.308;
-778.995;-979.885;11.3162;
-776.044;-984.556;11.3205;
-773.759;-990.414;11.3416;
-773.759;-990.414;11.3416;
-767.425;-995.631;11.3345;
-764.536;-1000.31;11.3513;
-763.394;-1006.45;11.3661;
-763.394;-1006.45;11.3661;
-759.544;-1009.82;11.3679;
-754.567;-1016.35;11.3756;
-752.424;-1019.75;11.3885;
-752.424;-1019.75;11.3885;
-749.18;-1024.12;11.392;
-744.928;-1029.29;11.4077;
-742.89;-1034.34;11.4026;
-742.89;-1034.34;11.4026;
-740.92;-1039.27;11.4112;
-738.33;-1044.01;11.441;
-734.926;-1049.68;11.4465;
-734.926;-1049.68;11.4465;
-732.633;-1054.22;11.4317;
-727.772;-1058.55;11.48;
-722.511;-1067.97;11.4666;
-722.511;-1067.97;11.4666;
-718.506;-1069.52;11.4888;
-711.747;-1075.8;11.4968;
-706.841;-1082.33;11.5169;
-706.841;-1082.33;11.5169;
-700.505;-1087.6;11.5209;
-692.456;-1091.16;11.5424;
-688.132;-1095.53;11.5535;
-688.132;-1095.53;11.5535;
-679.5;-1103.99;11.5486;
-673.584;-1104.95;11.5957;
-667.06;-1108.43;11.5673;
-667.06;-1108.43;11.5673;
-659.099;-1114.4;11.6052;
-659.099;-1114.4;11.6052;
-659.099;-1114.4;11.6052;
-659.099;-1114.4;11.6052;
-637.04;-1125.94;11.626;
-637.04;-1125.94;11.626;
-623.302;-1133.06;11.6664;
-623.302;-1133.06;11.6664;
-614.591;-1136.37;11.702;
-607.518;-1139.64;11.6654;
-607.518;-1139.64;11.6654;
-607.518;-1139.64;11.6654;
-592.943;-1147.01;11.7093;
-586.416;-1150.15;11.7301;
-586.416;-1150.15;11.7301;
-586.416;-1150.15;11.7301;
-571.444;-1156.6;11.7664;
-563.877;-1161.43;11.774;
-556.238;-1163.4;11.7771;
-556.238;-1163.4;11.7771;
-548.581;-1166.32;11.8119;
-540.881;-1169.52;11.8326;
-532.179;-1174;11.8176;
-532.179;-1174;11.8176;
-532.179;-1174;11.8176;
-516.453;-1179.7;11.8524;
-509.517;-1181.21;11.8635;
-509.517;-1181.21;11.8635;
-502.249;-1184.33;11.903;
-502.249;-1184.33;11.903;
-502.249;-1184.33;11.903;
-502.249;-1184.33;11.903;
-476.299;-1191.69;11.9331;
-470.299;-1193.59;11.941;
-460.835;-1196.08;11.9478;
-460.835;-1196.08;11.9478;
-453.98;-1198.9;11.9627;
-445.84;-1200.5;11.9602;
-436.707;-1202.56;12.0046;
-436.707;-1202.56;12.0046;
-427.9;-1204.49;12.0022;
-420.165;-1204.45;12.0075;
-411.732;-1206.32;12.0496;
-411.732;-1206.32;12.0496;
-404.191;-1208.11;12.0576;
-394.116;-1210.31;12.0656;
-387.299;-1211.96;12.1121;
-387.299;-1211.96;12.1121;
-380.544;-1211.91;12.1044;
-371.433;-1214.8;12.1143;
-365.094;-1215.35;12.1523;
-365.094;-1215.35;12.1523;
-358.752;-1216.64;12.1412;
-350.043;-1218.93;12.1984;
-345.522;-1218.26;12.1721;
-345.522;-1218.26;12.1721;
-338.512;-1218.55;12.1962;
-331.562;-1218.96;12.1942;
-326.274;-1219.14;12.2351;
-326.274;-1219.14;12.2351;
-326.274;-1219.14;12.2351;
-313.52;-1220.91;12.2611;
-308.24;-1220.39;12.2711;
-308.24;-1220.39;12.2711;
-300.47;-1220.58;12.2855;
-293.389;-1221.65;12.2846;
-286.855;-1220.08;12.3251;
-286.855;-1220.08;12.3251;
-280.287;-1220.78;12.3299;
-275.325;-1220.02;12.3352;
-266.44;-1221.04;12.3594;
-266.44;-1221.04;12.3594;
-260.028;-1221.23;12.3677;
-253.063;-1220.3;12.3885;
-247.626;-1220.25;12.4047;
-247.626;-1220.25;12.4047;
-241.432;-1220.72;12.422;
-234.039;-1219.03;12.4362;
-226.964;-1219.12;12.4531;
-226.964;-1219.12;12.4531;
-222.225;-1218;12.4766;
-215.267;-1216.87;12.485;
-211.861;-1215.94;12.4853;
-211.861;-1215.94;12.4853;
-203.248;-1215.47;12.5077;
-197.262;-1214.74;12.526;
-191.02;-1214.7;12.5377;
-191.02;-1214.7;12.5377;
-186.483;-1211.37;12.5613;
-181.09;-1211.84;12.5721;
-174.629;-1210.61;12.5898;
-174.629;-1210.61;12.5898;
-168.977;-1210.86;12.5882;
-163.321;-1211.12;12.596;
-156.43;-1210.34;12.6168;
-163.284;-1205.66;12.5917;
-157.597;-1205.52;12.597;
-152.078;-1204.95;12.6006;
-147.075;-1204.95;12.5996;
-136.993;-1208.79;12.6216;
-130.261;-1207.61;12.6333;
-135.869;-1204.69;12.6212;
-129.77;-1204.85;12.6168;
-118.565;-1207.9;12.6591;
-112.358;-1207.42;12.6277;
-107.265;-1207.05;12.6412;
-100.572;-1206.46;12.6417;
-107.071;-1203.4;12.6356;
-100.979;-1202.78;12.6314;
-88.1107;-1205.61;12.648;
-83.5517;-1205.11;12.6533;
-89.5685;-1202.79;12.6418;
-84.0361;-1203.09;12.6532;
-68.6004;-1204.84;12.6605;
-61.61;-1203.33;12.6352;
-61.61;-1203.33;12.6352;
-57.4228;-1202.9;12.6361;
-50.1447;-1204.02;12.6491;
-55.9252;-1200.44;12.6544;
-44.3068;-1201.79;12.6503;
-37.79;-1202.31;12.6626;
-31.5479;-1200.59;12.6795;
-38.4957;-1199.36;12.665;
-32.1453;-1198.75;12.6746;
-25.9736;-1198.57;12.6681;
-10.4292;-1199.33;12.6884;
-5.6035;-1198.49;12.6851;
-15.1137;-1197.23;12.6716;
-9.42276;-1196.7;12.6819;
-9.42276;-1196.7;12.6819;
-3.52987;-1196.03;12.6867;
1.95648;-1195.08;12.6816;
7.58397;-1194.63;12.6821;
13.7561;-1193.65;12.6865;
19.0245;-1192.95;12.691;
30.2865;-1193.12;12.6799;
36.2389;-1191.02;12.6956;
30.9645;-1191.58;12.7011;
36.1074;-1191.33;12.6996;
51.3661;-1190.54;12.7088;
58.1244;-1191.25;12.7077;
47.7973;-1190.84;12.7089;
53.1318;-1190.45;12.7065;
59.1224;-1188.89;12.7142;
64.8957;-1188.31;12.7146;
81.8177;-1187.7;12.7032;
70.3141;-1188.07;12.7113;
76.1896;-1187.49;12.7113;
82.2661;-1187.29;12.7197;
82.2661;-1187.29;12.7197;
87.9325;-1186.59;12.7159;
94.3389;-1185.57;12.721;
100.488;-1185.51;12.7296;
106.075;-1184.84;12.7268;
112.215;-1184.42;12.7334;
127.611;-1183.26;12.7225;
133.502;-1183.67;12.7366;
123.83;-1184.55;12.728;
130.017;-1184.01;12.7461;
144.748;-1183.89;12.7506;
152.066;-1184.67;12.7201;
140.953;-1184.61;12.745;
146.878;-1184.94;12.7444;
163.594;-1185.09;12.7113;
169.425;-1186.27;12.7282;
157.724;-1186.63;12.747;
163.702;-1186.86;12.7504;
168.341;-1186.88;12.7367;
173.974;-1187.35;12.7488;
173.974;-1187.35;12.7488;
179.741;-1187.64;12.7525;
184.824;-1188.3;12.7531;
191.016;-1188.73;12.7603;
191.016;-1188.73;12.7603;
201.83;-1189.64;12.7555;
201.83;-1189.64;12.7555;
207.657;-1188.89;12.7595;
212.608;-1188.91;12.7625;
217.866;-1188.92;12.7599;
217.866;-1188.92;12.7599;
223.26;-1189.24;12.7558;
228.672;-1189.78;12.7573;
234.446;-1189.89;12.7616;
239.762;-1189.95;12.7715;
245.232;-1190.06;12.7708;
245.232;-1190.06;12.7708;
250.544;-1190.5;12.7694;
255.628;-1190.23;12.765;
261.529;-1190.33;12.7647;
261.529;-1190.33;12.7647;
267.194;-1190.45;12.7661;
272.808;-1191.17;12.7683;
279.023;-1191.51;12.7678;
284.887;-1191.79;12.7678;
290.373;-1191.52;12.7666;
290.373;-1191.52;12.7666;
296.017;-1191.62;12.7596;
302.197;-1191.98;12.7586;
307.979;-1192.1;12.7705;
307.979;-1192.1;12.7705;
318.872;-1192.84;12.7723;
318.872;-1192.84;12.7723;
324.531;-1192.81;12.7728;
324.531;-1192.81;12.7728;
336.346;-1193.57;12.7634;
336.346;-1193.57;12.7634;
341.207;-1193.54;12.7714;
347.263;-1192.86;12.7684;
352.948;-1193.71;12.7746;
352.948;-1193.71;12.7746;
358.488;-1194.03;12.7746;
363.861;-1195.29;12.7746;
369.076;-1195.56;12.7746;
374.72;-1196.57;12.7775;
380.336;-1196.45;12.7657;
380.336;-1196.45;12.7657;
387.104;-1196.11;12.7685;
392.393;-1196.06;12.7566;
398.637;-1196.26;12.7496;
398.637;-1196.26;12.7496;
405.023;-1196.66;12.7472;
411.174;-1197.04;12.7392;
417.169;-1196.94;12.7362;
423.458;-1197.13;12.7329;
429.286;-1197.64;12.7249;
429.286;-1197.64;12.7249;
435.486;-1198.1;12.7163;
441.452;-1197.49;12.7181;
447.719;-1198.65;12.7181;
447.719;-1198.65;12.7181;
453.74;-1200.07;12.7137;
460.086;-1200.01;12.7063;
465.905;-1200.49;12.7069;
465.905;-1200.49;12.7069;
477.363;-1201.75;12.7097;
477.363;-1201.75;12.7097;
483.291;-1202.21;12.7009;
489.166;-1201.76;12.7024;
494.907;-1202.65;12.6955;
494.907;-1202.65;12.6955;
501.249;-1203.4;12.6929;
506.914;-1203.33;12.6925;
512.831;-1203.73;12.6869;
518.451;-1204.69;12.6874;
524.827;-1205.51;12.688;
524.827;-1205.51;12.688;
531.286;-1205.88;12.6837;
537.193;-1206.4;12.6818;
542.881;-1206.64;12.6787;
542.881;-1206.64;12.6787;
548.511;-1207.7;12.6756;
554.695;-1208.85;12.6762;
560.288;-1209.01;12.6778;
566.64;-1209.85;12.6785;
572.562;-1211.42;12.6754;
572.562;-1211.42;12.6754;
578.123;-1211.26;12.666;
584.528;-1212.24;12.666;
590.073;-1212.67;12.668;
590.073;-1212.67;12.668;
595.747;-1213.36;12.6642;
601.427;-1214.23;12.6659;
607.799;-1214.86;12.6686;
613.514;-1215.7;12.6625;
613.514;-1215.7;12.6625;
619.992;-1216.77;12.6618;
625.787;-1216.52;12.6561;
631.408;-1217.15;12.6601;
637.753;-1218.25;12.6581;
637.753;-1218.25;12.6581;
643.697;-1218.81;12.6546;
650.063;-1219.65;12.6593;
656.204;-1221.05;12.6512;
656.204;-1221.05;12.6512;
668.35;-1222.32;12.6455;
668.35;-1222.32;12.6455;
674.301;-1223.04;12.6467;
680.451;-1223.48;12.6481;
686.445;-1224.48;12.6389;
686.445;-1224.48;12.6389;
692.322;-1224.58;12.6366;
698.241;-1225.29;12.6225;
703.565;-1226.01;12.6173;
709.324;-1226.26;12.6166;
714.207;-1227.02;12.5998;
714.207;-1227.02;12.5998;
719.712;-1228.44;12.6059;
725.236;-1229.16;12.5888;
730.672;-1230.29;12.5804;
730.672;-1230.29;12.5804;
736.08;-1231.84;12.5833;
741.508;-1232.55;12.5701;
746.445;-1232.7;12.5599;
746.445;-1232.7;12.5599;
757.498;-1235.35;12.5601;
757.498;-1235.35;12.5601;
762.99;-1235.68;12.5604;
768.749;-1236.05;12.5515;
773.825;-1236.58;12.5471;
773.825;-1236.58;12.5471;
779.746;-1237.3;12.5356;
784.942;-1238.53;12.5426;
790.905;-1239.5;12.5437;
790.905;-1239.5;12.5437;
802.116;-1241.61;12.5316;
802.116;-1241.61;12.5316;
807.945;-1242.64;12.5253;
812.693;-1244.32;12.525;
812.693;-1244.32;12.525;
812.693;-1244.32;12.525;
824.574;-1246.51;12.5094;
829.658;-1248.33;12.5106;
835.844;-1248.97;12.5067;
835.844;-1248.97;12.5067;
847.101;-1251.54;12.5021;
847.101;-1251.54;12.5021;
852.736;-1252.04;12.4937;
858.583;-1252.8;12.4821;
864.466;-1253.25;12.486;
864.466;-1253.25;12.486;
870.156;-1253.79;12.4743;
876.251;-1254.56;12.4577;
881.822;-1254.73;12.462;
887.814;-1255.03;12.455;
894.086;-1255.81;12.4303;
894.086;-1255.81;12.4303;
900.512;-1255.71;12.439;
906.265;-1256.25;12.4363;
911.865;-1256.45;12.4407;
911.865;-1256.45;12.4407;
917.67;-1256.31;12.4288;
924.103;-1256.34;12.4234;
929.362;-1256.16;12.4157;
929.362;-1256.16;12.4157;
941.318;-1256.29;12.4157;
941.318;-1256.29;12.4157;
946.828;-1256.88;12.4081;
952.564;-1256.98;12.429;
955.838;-1257.52;12.4751;
955.838;-1257.52;12.4751;
958.157;-1257.07;12.5036;
960.906;-1257.16;12.546;
963.177;-1256.92;12.5911;
964.265;-1256.94;12.6491;
964.265;-1256.94;12.6491;
965.135;-1256.34;12.7241;
965.642;-1256.2;12.7875;
966.025;-1256.3;12.8343;
966.411;-1256.57;12.895;
966.411;-1256.57;12.895;
966.623;-1256.53;12.9404;
967.476;-1255.94;12.9801;
968.036;-1255.85;13.028;
968.036;-1255.85;13.028;
967.19;-1256.58;13.1046;
967.19;-1256.58;13.1046;
966.85;-1257.45;13.1622;
966.893;-1257.75;13.2019;
967.692;-1258.15;13.2542;
967.692;-1258.15;13.2542;
967.86;-1258.35;13.2982;
968.06;-1258.42;13.3359;
968.128;-1258.91;13.3698;
968.128;-1258.91;13.3698;
968.071;-1258.95;13.4275;
968.502;-1259.35;13.4715;
968.661;-1259.25;13.5161;
968.481;-1259.31;13.5641;
968.604;-1259.24;13.6113;
968.604;-1259.24;13.6113;
968.661;-1259.25;13.6526;
969.225;-1258.96;13.6965;
969.084;-1259.2;13.7438;
969.084;-1259.2;13.7438;
969.146;-1259.61;13.8265;
969.146;-1259.61;13.8265;
969.544;-1259.37;13.8767;
969.81;-1259.93;13.919;
969.716;-1260.24;13.9595;
969.716;-1260.24;13.9595;
969.53;-1260.04;14.0026;
969.511;-1260.12;14.046;
969.315;-1260.59;14.0902;
969.315;-1260.59;14.0902;
969.574;-1260.29;14.1325;
969.076;-1260.1;14.1765;
969.203;-1260.21;14.2181;
968.883;-1260.15;14.2645;
969.558;-1260.76;14.307;
969.558;-1260.76;14.307;
969.473;-1260.06;14.3482;
969.862;-1260.6;14.3932;
970.096;-1259.93;14.4363;
970.096;-1259.93;14.4363;
970.138;-1259.67;14.526;
970.138;-1259.67;14.526;
970.308;-1259.77;14.564;
970.668;-1260.01;14.6084;
970.759;-1259.95;14.6553;
970.759;-1259.95;14.6553;
970.82;-1259.62;14.6968;
971.356;-1259.61;14.7455;
971.471;-1259.88;14.7873;
971.471;-1259.88;14.7873;
971.946;-1260.02;14.8279;
972.231;-1259.74;14.8725;
972.308;-1259.95;14.9174;
972.496;-1259.9;14.9624;
972.626;-1258.85;15.0004;
972.626;-1258.85;15.0004;
972.441;-1258.98;15.0286;
972.375;-1258.35;15.0642;
971.999;-1258.42;15.0919;
972.026;-1258.35;15.1135;
972.392;-1258.51;15.124;
972.392;-1258.51;15.124;
972.109;-1257.36;15.1351;
971.909;-1257.42;15.1364;
972.199;-1256.82;15.135;
972.199;-1256.82;15.135;
972.248;-1256.82;15.1284;
971.953;-1256.49;15.1266;
971.71;-1257.1;15.1234;
971.71;-1257.1;15.1234;
972.128;-1256.97;15.1211;
972.261;-1256.91;15.1199;
972.231;-1256.41;15.1199;
972.377;-1256.18;15.1232;
972.114;-1257.01;15.1174;
972.114;-1257.01;15.1174;
972.14;-1256.7;15.1196;
972.215;-1257.03;15.1266;
972.159;-1256.38;15.1215;
